start=7.800000
volume=87.797112
