start=63.280000
volume=87.797112
